5433111132152115253135531554123414113413432521233112525155211252434411235131452132211245411335223524243343254431424515134551545542443345542455154152232355134345322314324452333555245441514432131214435543334552313415154145545343223513131312351322422122
5000000000000000000000000000000000000000000000000000000000000000000000000000200400000000002000000005000050000000000000000000000000000000000030000000000004000000000000000000000000330000005030300000000040000000000000000020000000000000000000000050000001
2000000000000002000000000000000000000000000000000000000000000000300000000050000000000000000000000000000000003000000000001000000010030000000000000000000000000000000000000000410000000000000000001000104100000000000000040000003000000000000000000000000045
1200002300000000000000000000000000000001000000000000020100000000000000000000000000000000000000050000030000000000000000000000000000000000010000000000000000000000000000000000000000000005000000000000000000000000002000000000000000320500000000000000000002
1000000000000000000000000000000040000000000000000300000000000040000000010000000000000000000000020000000000000000000000000000000000050000000000000000000000030000000000000000000000000000000000000000000000000100000000000400000000000000000000000000010021
3020000000002000200000000000000000000000000000040000000000040000000000000000000000000000000000000000000000050000000000000500000000000052003000000000000000200000015000000000000000000000003400000000300000000000000020000000000400000000000000000000000002
5000000000000030000000000000000000000000000000000000000000000000000000000500010000000000000000000000500000000000000000200000000100000000000000000000000000000400000000000001000000000000000000000000000000000000000000001000000400000010000000000000000003
2340000500000000000000000000010001000000000000000005000000000000000000000000000000000000000000000000000000000000000000000000000000100004000000000000000000000000000000000003000000000000000000000000500032000000000000000000000000000050000000000050000002
3000040000000001000000000000000000000003000000000002000000000000050000000000000000000000000000000000000000000030000050000003000300000000000000000000000000000040000000045000000000000000000000000000000054000000000000050000000000000000000000500000000005
5000000000000000000050000000000000000010000040000000000000003000000000000010000000000000000000000000400000000000000000000020000000000000300000000000000000000000000000000000000050000000000000000000000000000000000020000330000000000000000000000000000003
2000000000000000000000000000000000000000000000000000000005000000000000000000000000000000000000000000000000000000000005000000000000000000000000000000000000400000000000000000000010000000502000000003000000000000000000000000000000010002000000000000000004
4000000000003005050004000000000300000000000000000000000000100000000000000000000000050000000004000000030300000000000000000000000000000000030000000000010000000030000000000000000000000000000040000000000000000000000000010000000000000000030000000000000002
5000000000500000000000000000005000003400000000000000000000000504000000000000000000000000010000000100100000000300400000000000000000400000000010000000500000000000000000000000000000000000000000000000000000004050000000000000000000000000000000000000000004
2000000000000000000030000000000000000000030000001000000003050000000000000000100050000000003000005000000000000000000000000000000000000000000000000203000000000000000000000003000000003000000502040300000020000000000000000000000000000000000000000400000003
1000500000003000000000000000000000200000000000000000000000000000000000050000000000400000000000005000000000100000000000000000001000000000000000000000000000000000000000000000000010000000000000040000000000000200000000000000000000000000000000001000000005
5000000000000000400000000000000000000000000000000000000003000000000000000000010000000030000000000000001000003000030000000000000000000000000000000000000000000000000000002000000000003000000000000000000000000005000000500000040000000000000040000000500004
4300000002000000000001000000000000000003004000000000000000000000000005004000000000000000000000000000000000000000000010005000000000000000000000000000000000000000000000000030000100000000000000001000000003000000030000000000000000000000000000000050000002
3000000000000040000000000000000400000020000000003000000000000000000000000300000000000000000000000000000000001000000000000000000000000000000403000000000000300000000000000000000000000000000000000000000000000000000000000000000000000000002000000300000001
1300004000000000000000000000000000000000000000000200000000000000000000000000000000000050000400001000000000005000000000000000000000000505000002300000200000000000000000000100000000005003000000000100000000000010000000000000010000000000000000000000000002
5000000000000000000000200000000400000000000000000000000000000002000002000500000000000000000000000000000400000000050000034000001000000000000000000000000000000000000000000000000000000000000000000000000200000000000000050000000000000000000030000000000005
1040000000501000000000000000000400000000000000000000000000000000000000000000000000030000000000000000300000000020000000400000000000000000100000005020005000000000000000000000000000000050000000000004005220000000000000000000040000005000000000000000000003
3000300000000000000000000000000000000040000000000000000030000000000300000000000000000000000000000100000005000000000000000000000000000000000000000300000200000000000000040000001500000000000004000000000000000000000000000005002000000000000500000010000002
5000000000000000000000000000000000000000000000040000010000000000000000000000000000004000050000000010000000000000003000000000000000010000000010000000000000000000000041000000020000300000000010000000000010000000000000020000000000000000000000000040000032
2000000000010000000000000000000000000000000500000000000000000000000000000000000000000000000000000000000000500000000000000000000000000200020000000000000000000000100000010000000000000200000000000000010000000000000000000000010000000000000300000000000003
4030000000000000000000000000500000000000000000000000000520000000000040000000100000000000000000000000001000000000400000000000000000000000000000000000000000000000000000000210000000000000200000000000000000000030000000000000000000000000000000000030001102
1002000000000000000000000000000300000000000000000000000010000000000000500000000200000000500000000000000000000000000000000000000000000050000000000003030000000000000000000000000000000000200000000000000000000000000000000000000000000000000000000000400001
5000000000100000005000000000000000000000000500000000002000000000000300000000000040000000000400004000000300300000000000210000001000000000000000000000000000000000300040020000000000000000000000000000000100000000000000000000000000300100000000000010000404
1000000020000000000000030000000000000000000000000000000000000000000000000000000000000000000000000000040000000000000000000000000000000000000000000000000000000000000020000000000030000000000000000002000003000000000000005000000000000000000000000003000002
4002000000200000000000000300040000050000000000000000000200004000020000000000200000044000000000000000000000000000000000000000000400000000004000000004000000050000000003000000030000000000000000000300000000000000001400000000010100000000000500002000000001
1000000000005020000000000000000000000000000001000000000000000000000020500000000000000010000000000040000030000000000000000004000000000040000030000000000000000000000000000000010000000000000001000000000100040000000000000000000020000000000000030000000004
1000000000200004000000000000000004100000000002001000020000050004010405000000031000000000000040000002000000000000000000000000000001030000000000000000000000000000000000000000000003050020000000000500000000000000000000000001000000000000000000000000000005
1005000000000003000200000000000000013000000204001000000000050000000000400000000000000000000050000300000000000030001000000000000000003000000000000000000005000000000000000000000000000000000000000001000000000000005000200000001000000001200000000000400001
5503000000000030000000300005010500000000030000000052200000004000000000000000000000000004000000000002000300000000000000000000300000000000000000000000000001000000000000000000000000050000000000000100000000000000000000000000000000000000000000000100000003
3000000004000000000000000000000000000000000000000004000000000000000000000000000000000000000000000000000000000500000000010000000000000500000000002000000000000000000000000000000050000000000000050000020023000000000000000000000000000000000500000010000005
2000003000000000000000000000000000000000502000000000000000050005001000000000000000000000050300000000000000000000000000000000000000000000000000000000000000000005000000000040000000000000000000000000004000001000030002000000000000004000000000000000000004
1000050000000000000000000000000000000000000000000000000004000000000000000000000000000010040000000000000000000000000000000050000003200010000000005000000000000000000300000030000000000000000000030000000000000000005000000100000000000001000000000000005022
5000005000000000000000002004000000000000000000000000000000000200000000500000000005500000000000000000000000000000000000000000000002004000000000000000000021000000000400000000050000000020501000000000000000020030000200000000200005000000440000001000000003
4000000000000000000103000053000000001000000000000000000000000000000000000000000400500000000000010000000000000000030000000000000000000000000000000000000000000000000000000000002000020000000020000000000000000000000000105003000000000000000000003000040005
3000040000300000040000100000000000050300000000000000000000000000000004000020000000000000000500300001001000000000000000000000000000000000000000000000000000000000000000000000000000000000000000000000000000000000000000000000000000000000000005000000000002
2000000000000000000000000000000000000000000000000024000000050000000000000000003000000000000000000000010000000000100000000000000000000000000004000005000000420002000000001000000000000200200000000000000000000000000000000000000000000000000002000000000005
5000020000030000000030000000000000000000000000000000000000010000000005000000000000000000000000000000000000000000400000040030000000005000000000000000000000000003000000000000000000000000000000200000000000000000000000000000000000000000050000000000000005
5050000000002000000000000000000000000000000000000000000000000000000000000000000000000000102000000000000005500000000001000005000040000000200000000000100001000000000000020000000000000400000000000000000000000002004500000000000000000000000050051000000001
3000000000000400000000000000000000000000000000000100000000000000000000000030000000000400000000000000000000000000000001000000000000000003050300000000000030050000002000100000010000000000010000000000000000500000000005000000000000000100000020000000000002
2000000000001000000000000000002000000000050000040000000010000000000000000000000000000000001000000005000000000020000000200000000500400000000000000000000000100000000000000000000000000000000000000000000000000000000002000000000000000400000000000000300001
5000020000000000000135500040000000001400000000000000000000000000000000000000001000000000000000000000000000000000000000000000000000000000000000000000000000000000030400000000000000000005000000000000000000000000000000005002000000002000000000002000500005
4500020000000500010000000000000000000000000000030000000000000000000000000000000000000000000000100000000020000000500000000000000050000000000000000000000100000000000000003440000300000200000100000000000050000000000000000000000000000001200000000000000004
2000000000000000000100000000000000000000000400000000000000000000000010000100000000000400000000010200000000000000000000000000000000000000000000010000010000000000000000000000000000000000000050000000000100102000000000000000000000000000000000000000020002
3000000000004000000000000000000000000500000040000000000000000000000050400020000000000000300000000000040000000000400000000000400000000000000000000000000000000000000000000000000003000000000000000000000000000000000000000000002004000000000000000000000001
3000000001000000002000000000000000000000000000000000020000000000000000000000040000000000000000000000000000001020000020000000000000000000000000000000000000000000000000400000000020000000000000000000000000050000000000200000000000000000000000000000000002
5000000400000200000000000000000000000000000004300030000030000050000010000000000030000000000000000403000000000010030000000000000000100000000000000000000000000000000000000030000000500000000000000000000000005000000001000000000000000000000000002000000005
5000003000400000000000000000000000000000000000000000000000000000000200000000000000000000000000000000000000040000000000000002000200000220000400000000000000000000000000000000000003000000020000000000000002000000030300000000000000000000200000000000000001
5000000000000000000000000000300000000000000000400000052000000020003400000000000000000000000030000000000000000000000000000000000000000000000000000000000000000000000000000000000000000000000005000000000000000000300000000000020004000000000000030000000001
2000000000000000000010000000000000000000000300000000100000000000000001000005000004000000010000000000050000000000000003000300000000000000000000000000020000300000000000500000020003000000000000000000000000000200000000000000000000000000000000020030000003
2000000003020002300000000000000000000020020000000000000002000000000000000000000000000000000000000000000000000000000000000000000002000000000000000300000000500000004000000000000000000040000000000000000000300000000105440000000000000050000000000000005005
3000040000000000005000200004000001000003000000050000200000000000000000000000000000040000000000000000000000000000000000000000000000005000000000000000000000000000000000000000000000000000000000000050000000000000000000000000500000000000000000000001000001
1000000000000000000004001000002000000000030000000005000000000000030000000000040000000000000000300000000400000000000004500000000000000000400020000000000020050030000050004000000100000000000000000000000000000000000000000000000000000000000000000003000002
4000000000040000000000000000010000040000000400000000000000000000000000000000000000000000000000000000000000000000000000000000000000000000000000000030000000000000000030000000000000000030000000000020004000000000000000000000504000000000000000000000000004
3002002000000045000300000004000000000000000000000040000000000000000000400000000000000050200000000000000000400000000000000005000200000000000000000000005000000000000000000000000000000000000000002043000000000000010000000000000000000000500000010300022005
3300000500000000000000005000000000000000000000000000000000000000000000000000000000000000000000000000000000000100000000000002000000030000000000000000000500000000000000000000000000000000000000000000040000000000000000000000000000000004030000000041000001
3000000000000004000030500000000000003000000000000000000000000000000000000003000500000400000000000000000000000000000000000030000000000000000000000300300000000000500000000002000000000000000000000000000000103000000000000000000000010000000000000000000005
2000000000000000000000000004000000000000000000020000000050000000000000000000001002000000001000000000000000000000000000000300001000000000000000000023015000000000010000000000000000000000005005000000000000000300005000000000300004000050002000000003000005
5054000000000400000000010000000002000500500000000000000000000000000000020000000000030000002000000000000000000000000000000005000000200000000000103200000000001000000000000000000000000000100000000000000000003000000000000000001002000000000300000000000001
1001000001000000000000000102000000000300500005000000000000000000010000000000000000000000200000000500001000000000000000000000003000000000000000000000000000000000000000000000000000000000001050000000000000230000000100000000005000000400000000000000000001
5000300000000000000000000000000000000000000000000000000000004000000000003000000000001000000000000000000000000000000000000000000000000000000000000000000000020000000000000500000020000003000000000000000000000000000050000000000005000000001000000000003003
5000000000000000000000000000000000000000000000000000000100000002000000000000000000000000030001000000000000000000000000000000030500000000000000000000000400000030000000003000400004000000000000000000000000000000000000000020000000000002000000010000000003
3003000000030000000000000000000000000000500000000000000000000000000400000000301000000000001000000004000000000000010000050000000000010000030000000000000000000000005000000000000000000000000000000000000000000000000005000000500000000000000000000000001001
1050000000000020014005000000000000000000000000010300011200004000000000100000000000000000001000002000500000000000000000101000040010040000000400000000000000000000000040000000000000000010530000000000000000040000000000000000000003000000000000000000000001
1030000000000000100000000000000000000004000000030000000000000000000000000000000000000000000030001000000000000000000300000500000000100000000000000000000000020330200040000020000000000000000005000000000000001000000000000000000000000000000000000000500004
1000000000000000500000000000000000000000000000000005300000220500000000005000000000000000000200000000000000004000001000000000000000000300000000010300000000000000000000000000000000000000000000100000000000000004000000000000003003000000000200000000000004
2000000000000000000000000000000000000000000000000000005000000000000000000000000000000000000000100000000000000005000000000003001000200300012000000100000000000000003000000400000000020000000000000000030000005200000000000000000000000000000000000000000003
2000000000500000000000000000000000000010000020000000000000000000200000000000000000000010000000005000500000001000000000000000000000000000000000000003003000000000000000000000000000000000000000003100100000000000000000000000000000000000000400010000000001
2000040000000000000102000000000000000000000000000000000000000000000100000000000000000000000000000003000300030000000000000000000000000000000000200030000000000000100000000000000030040000000500000000000000000000400000040000000000000000000000000000000005
1000000003001000000000000000003000004000000300005030000000000000000000000000040000000300000000000000030000000020003000000000000000000000000000040000000000000000000000000500000000000005000000000000001001000000005000000035000000000000000000000000004004
2200000000000000000000000020000000000000000000000000000000000000003000000200000000000400000000000000000000000040000004000000000000000000000000000000000000000000000000000000000000000000000000100000000200000000000000000010000000000000001000002000000004
5100300000000030000030003000000300000000000000300000000000300000000010000000000000000050000500000000000000004014000000000000003500000000000000000030000000000002000001000000000000000000000000000000000000000000000000000000000000000000000000000000000505
4000000020000000001000000000000000000000000000000000000001000000300000000002000000000000000000200000000200000000000000000300000000000000000000000500000000000000000000030000000000000000000000302300000000000000000000000000140000000004000000000000000002
1000003000000000000000050040000000000000000005000000000000000000100005000000000000000000000003000001000000000000000000000000000000000000000000000000000000002000000000000000000000000000000000000000000000000000000002000050000000000000000000020000000004
4000000005200000000000004000000000500000000000000000004050000030005000000000000000002000004000000000000000000500000000000000000000000000000000000000000000000000000004000000000000000000000000000000000000000000000000000000000000000000000000000000000001
4000000000300000000000000000000000000000000000000400000020000000000000000000000000000000000000000220004000000000000000050000000000000000000000000000005000000000030000000000000000000000000000000000000001000001000000000000000000000000000000000000000001
3000000000000000000000000000002000300050000000000000000000000100000000000500000000000000000000000000001000000300000000000000000000000000000000100000013000000200000000000000005000000000000001000000000000000000000003000000000030000000000000000003000004
2000000004044000004000000000000000000000000000050000000000000100000000000000200000000000000000000000000000000300000000000000000000000000000004050000001000000000000000000004000000000000000000000000000000003000000000000000005030000000000000000005400005
4000000000000000000000000000000000000000020000000000000000100000000000000000000000000034000000000000000000000000000000000002000000000000000000200000000000000000000000000000000000000001030003000000000000000000000001000000000100000100000200000020410503
3000000000000000000000000000200000000000000000000000000000000000000000000000000000000000000000000030000000000000000000000000000000000000000000000000000000000005000000000000410000000000000000000000000000000000000000000000000000000000000000000000003004
1000004000000000042030000000000000000000000000000000000000000000000000000000000000000000000000000000000000005000010000010000000000030010000000100000000000000000000000000000003000000000000000000000000000003000000000000000000000000000000004000000050003
5000500000000000000000000000400000000000000000000000000020040000000000000200000051000000000001000030000000000000000000002000000000000000000000000000000000300001000000000000000000000000000000000000100000001000000050000000050000002000000000000000000002
3000000000000001000500000001000310000000000040000000000000000000100000000000000000000000000030000000000000000002000000000000033000000000000200000000000000000000000003100000400001500000040000000000000000000000000000100001000000000030000000000004000004
3010000000000000000001000000000040000000000000000000000000010000000000000000040000000500000000000000020000000000000000000001000000000040000000000000000000010000000000000000000000020000000000000010000040000000000300050400300000000000000010000000000002
1000000000000000005003000300000000000000000100040000000200000000000000000000000000000000000000000005000000050010000000300000000000000100000000000000000300000000000000000000400000000000000000000000000000000000000000000000000010000000003000000000000004
2000000000000000000000000002040000000000003000000000000000020000000000000000000000000000000000000020000000000000000000000000000000000030050000000050000000000000000000000100000000050000102002000000000000041000000000000000000000000000000002000000000005
1000000005002000000000000000000000000030000000000000000000000000100000000000000000000000000000000000000000000000000000000000000000030000000000000000000000000000000000000000000000000000000000000000000003000000000000000000000000000000000000000000020001
4000000000000000300000000000000100000000000002000000000501000000040000000000000000000000002000400000000000000000000000000000000000040000000000000000500000000000000000000200000000000000000000000000000000000000000000000000000000000000000000000000000005
4000000000000000000103000000000000200000000000000000000000400000100200000000000000000000000000050000000000000000005020000000000004500004000000000000000000000000000000000000000000001020000000000000005000000000010000000000000000000000000000000000000002
4000000000000004000000000000004002000000000000010000030000000000000001000000000000000000000000000000040000003010000000000000000000000001001000000500000000200000000000000000000000000000200000000000000000000000000000000000000000000000000000000000000001
1000000000000000000000000000000000000003101000000000000000000000000000000000000000020000000000000000200000000000000000000000000000000000050000000000000000000000000000000000000000000000000000000000100000000000000000000050000030000004000000000000000001
1000000000050000000000001000000000000200000004050000103000000000000000000040000000000000000000000000000000500000000000000000100000000000000000004100020000000000004000000000003000000000000000000000000000000000300000000000000000040000050000400000000003
4000000000000000000000000000000000000000000000000000000400002052000000000000000000000000000000000000000000000000000000000000300000000000000000000000005000000000000010000000000000000000000000000000000000000000000000000000040000000000500000000040005002
4000050000000000000000000000002000000000000000000100000100000000003000000000000000050000000000000000000000000000000000000000000000000000004000000000000000200000000002000000000000000500000000000000000000500000000000000000000000000000000000000000000001
2000000000000040000000000000000000000000000000000000000000020020000000000000010000000000000000000000300001000000300010000000000000000000000000000000000000000000000000000000001000000000000000000000000000003000000000000000000000000002000000000000000001
3000000002000000000000000000000000000000040403000000000400000000000002000000000050000000000000205000000000030000000000000000000000000000000005000000000000010000000000000000000000000000000000000000000000000000000000020000000000000000000020000000000005
5000000020500000000000000000000000000000000000001000000000000000001000000000000000000000000000000000000000000000000004000000100000000000000000030040000001000000400000000000000000000000000105020050000000020000000000240010000000000010000000000000000001
1000000000000000000000004000000000001000002030000000000000000000020040000000000000300000000000000000000000003000000000000000005000000000000000000500000000000000000000000000041003000000000350100000000000000000000000000300000000000000000500000000010001
1020040000000000000000000000000000000000000000000000000055100000000000030000000000000000000020000000004000000000000000000000000002000000000000000000000000000000000000500000300020000000000000000000000002000000000000000030000004000000000000000000000002
4000000000000000000000000000500000000000000000000010000100000000000000000300000000000000000003000003000004000000000000000500000000030100100000005000000101000400001000001000000000001000000000000000000000000000000000000000000000400000020000000030000002
4003000000000000000100000000040000050000000000000000000000000000000000000000000000200000000200000000100000000004500004000000000000000000003000000000000002000000001100040000050000000000000000000000000000000001000000000000000000000000000000000000000003
2000000000000000000002000000000000000031000000200020020000000000000000540000000500000000000000000000000000000000020000000000000000000000000000000000000000000000000000000020000000000000010001000000000000002000000000000005200000050000050000000000000002
1000000000000000000000000000000000002000000000000000000000001000000000020000000000000000000000000000000000000000000000000020100000000000000002000010000000000000000200000000500000000000000000405000000000000010000000000000500000000000000000000000000001
2000000001000000000000000000000000000000000000000000000000000000000000000030000000000000000000000000000000000050000000001000000000000000000000000000000030400000330000004000000000300000000000000000000000000000000000000002000000000000000030000000300004
2010000000000000000000000000000000000010300000000000000000000000000000000000000000400000000000000000300030000000300000000000000200000000000010000000000001000000000000000000000500000000000000000000000040000000000000500000505000000000000000000001000004
1013000000000000000000000000000002000001000000000000000000000000000050000003000000000000000000000000000005000000005000000000000000000000000000050000000000000000000000200000000000000002000000000000000000000000000104010000000000000000000000000000000003
5000000000000000000000000340000000300000000000000000000000000000000040200000030000000004000000003000000000000000000200000000050500000000000000000000000000000000000000000000000300000005000000040040000000000005000000050000000400000000000000000000000021
4000000002000000050000000000000000000000000000000000000000000000000000000000030000000000000000000000000000050000000000000001000000000000000000020000000005000003010000000000000000000000000400000000000000002000000000030000000000000000000000000000000001
4000000000000000030000000050000000000000000000000000000000000000000000000000005000000000000000000000000000020000000000002000000000500000000000000000000000040000000000002000000200520000000001000000002000000000000000500000000000000010000000000203000045
4040000000000000020000000000000000000000000000300200000000000000000000000004000000000020000500000000000000000000000000000005000000000000000000000000010000000410000000050000000000002000000000000000000200005000000000000000200001000000000000100000000003
5000100000000000000201000000000000000000000000000000000000000000000003000000005000000000000000000000000040000000000000000000000000000000000050000005000000000000000050000000000000000000004010040000000000000000000000000001000000000300000000000000002005
3000000000000000000000001000000000000000020000000000000000000011002000000000000000000000000000000000000001401000000000000002000000000000000000000300000000000000000001000000000000000043000000000030000000000000000000000000000000000000100000000200000004
1000000000000000000000000000000000000000000000020000000000000000000001000000000000001000000000000000400000420000000000004000000000000000000000000000000000000000000000000000000000000020000000000000000000000000000020000000000000000000000000500000000005
2000000000000000000000000000000000000000000002000000000000000000000000000000000000000000000000000000000000000000000000000000050000000000000000000000000000000000000000000000000001000000000000000000000000000000000000002000020000000000000000000000000003
2000000000000000000000000000240000000000030000040100000000001000000000000000000000000000000000000000000000000030000200004000000000000030000100000000000000000010030000000030000000000000030005000000000000000000050000000000040000000400000012000010000003
1000000000000000000000000000000000040000000000000000000000000100000000000000000000000500000000000000500000000000000000400000000000000000005000000000000000000000000000000004000500000000000050000010520000000050001000002000005000000000000000000000000002
4000000000000000050002000000000000000050000000000000000000100050000000000000000000000000005000000000000000000000000000000000000000000000000000000000000000001000000000000000000000000000005000000300000000000000000000000000000000030040000000000000000005
3000000000000000000000000000000000000200000000000000000000000000000000000000004000000000000000000000000000000000030000000000000000000000000000005000000000000000000000000000000000000000000010000100000000000000000000000000020000000000000000000000000003
1000000000000500000000000000000000000000000004000000000000002403000000000000000000000000000000002400000003030000000000000004000000000000000000000000000000000000000000000000000001000000010000005000000100005000000000500000400000000000000204000000003003
2000000000000000000000000000010000400000400000000400003200000405000000000000000000000000000000000000000000000000000000000000005000000000000000000000000000000000000000020001033000000040000000000000500000500000000000000000000000500000000000000000000002
4000000000000000000000000000000000000000000000000000000000200000000000000200000000000000000050002200000000000000020020000000000000000020000000001000005000000010000000000000000000000000000000000030000000000000000000000000000000000000000000000100000005
5000000000000000000000000200000020000000000000000220005000000000000000000000000500000000000000002000300003000000000000521000000000000000300000200000000000000000500000000000000000000000000000000000000000042000500100000000000004000002000000000000000005
2000000000000000000000010000000000000000000002005000000010000000000100000000001000000000000000000000000001000000005000000000001000000000000000000000001000000000020000000000000000000000300500000000000000000500000000300002000000000000000000000000000005
2000000000000000000000000000000000000000000000000000010030000000003005300000000000000000000000003000004000000000000000000005004000000020000000000004000000000000000000030210003004000000020000200010000040000004000000000000030000000000000000000000000001
1000000000000000000000000000000000000000000000010000000000000000000000000300000000000000000000000000000000000100000000002000000000200000000000000000000000000000000000000200020000001000000000000000000000000000000000000000500000000000000000000000000004
1000000000000000000050000000000000050000000000000000000000000300001000000000000000000000000000000000000100000000000000000000000000000000000000400000000000000000000000000004000000000000000000003000000000000000000020040000000010000000000000000001000003
5000000000030400000000000000000500000000000000000000000004000000000100040050000000000000000000200000000000000001000000000000004000000000000030000000000000000000000000000000000000000000000020000000500000000000000000000000000000000000000000000000005004
4005000000000000000000000000000000000000000000000002000000500000000001000000044000000000000000000000000000000000000300000000000400000000000000000002000000000000000000000000000000050000000000000000000000001000000000000000000000000050000000000000100004
3000000003000040000020200000000000000000000004000000000000000004000000000000000000020000000000000000000000000020020000000000500000100000000000000000000000000000001000000000000000000004000000000000000000000000000000300400000005000000000000000000000004
5000000000000000040000000000000000000000000000000000000000500000000000000005000000000000000000000000003000000000000000000000000000000000020000000001020000040000000200000000000000000400000000003000000000000005000000001000000030000000100000000000000502
2000002000000000000000000040000000000000000000400000000000400200000000000000000000000300000000000000000500030000000505000002500000000000000000000000000050003000000000200100001000000001000400000000003003020000000000000000002000000000400000020000000002
2000000000010100000000000000000000000030000230000000000010000000000000000000000000000300300010000000000030000000000000004500000000000000000000000000000000000000000000000000000100000000000000010000000000000000000000100000000000000201030400000400030001
3020000000000004050000001000000000000000300000000000000000000000000000000000000000000000000400000003500000000000000000000000000000000000005000000002000000000000050000000005000003105000000000000004000000000500000000004000000010000000210000000000000001
1000000000400000000000000100000000000000000000000000000005000000000000000000000104000150000000000000000000000040000000000050000001030000000000150000000000100000000000000000000000000000030000000000020034000040000000000000050004000000005000000000000004
2000000150000000000000000000000000000500000000000040000000000000000000000000000000000000000000000000000300000000000200000000000000005000000000000000000010200000000000000000000000000000500000000000030000000000000000000000000000000000000000000000000002
3000000000200000000000000000000000000000002000000010000000040000500000000000000000000000000000000000000000000000030000000000000000100100000000000000005203000000000000000000000000300000040000000050000000000000000000000000000000100000000000000000000001
1000000000000000000000000000000400000000000000000000000000000000000000000000000000100400000000000000000000000000000030000000000000000000020000005000500000000000000000000000000500030000010000005000000000000000000004000000000002151000000000000000000003
4000000000000000000000000000000000000000050030004000000000000000000000010000220000000000000000000000000000000500000000000000000000000001000000040000000000000000000000000000001000000000000004000000000000000000030000000000000000000000000000000000000005
4000003000010000000000000000000000000400000000000000000000000100000000000000000000020000000200004000000000000000000000000000004300000000000000000000000000000000000030000000000000000000050000000000000300000000000000020000000000000000000000000000010005
4050000000000000000000000020000000000000000000000000000000000050000000000000000000000000000000000000010000000000000000200000000000000000000030030000000000050540000100000000000000000000002030000000000000040000000000003000000000000000000001000002000003
4000500000000000000000004000000000020001000000004000002000300000030000000000000000000000005000005000000000000000000000040000001000000000000000030000400000000000400300004000000000004000000002000000000000000000000000000400000100002200000000000001000001
4000000000000004500005000000000000000000000000000000000000000000000000000000200040000000000000000000000000000005024200000000000500000000000400000000003020000000000000050000200000000000050000000000000000000000000400004023000000000000010000000003000002
2000000000000000000000000000004000005000000000000000000000040000000000000300000000000000050000000000000000000000000000000000400000000000000003002000000000000300000000000000000000000000030000000000000000000000000000000000000005000000100000000000000002
2000000004000000000003000000000000000300000000000000000000000000000000000000000000000500000000000010300000000000000000000000000000000000001000000050000000000020000000000000000000000000000000000000000000000050000000000000000000000000000000000000000005
2000000000000000000000000000000000000000030000004000000000000000000500000000000000500000200020000100000000000000000000000000000000000000000000000000000200040000000000000000000000000000000000000000000000000000000000000000002000003500000030000000005002
2010000000000000000000030000000000000000000000000040000000020000000200000000000000000004300400000000000000000000000000300000500000000000000000000000000000000000010000000000002000000000004000000000000000000000401000000000000000000000000000000000000001
5000000000000000000000000040000003000000000400000000000005000000000000000000000000000000000020000000100002000000030000000005000000000000000004000000000005100000000000000040000000000000000000000000000000000000000000000000000000000000000050000004000004
3000000000000000000010000000000000000000000000000000000000001001000000000000000000000010000000000100030000000001000000000000000000000050000000000000000000000000000000000000000000000000000000000005000000000000400000000000000000000000000000500000000003
3000000000000000000000000500000000000000000000000000000000000000000000000000000000200000030000010000000000002000000000000000030000000000000000000000000000000002000000000001000030000000000000000010002000020000000000000000000000000000000000000000000001
2000000000000000000200000000000000000040000200005000000040000000500000000000000000000000030000000200000000000000000000000000003000000000200000000000040000000000003000040000000004000000000000000000000200000000000000400400000000042050014030000000000004
5030000000500000000000000001002030000010000000000000000000000005000000000000000000000000000000000005400000000000000000000000000000000000000000000000000000002200000000000000000000000300000000000000000000300000000020001000000000000303000050000000000004
1000000000000000000000000200000000000050000000004000002000000000000020000000000000200000000000000000000000000000001000300000020000000000000000000030200000000000500000000000000000000000000000400005003000000000000000000050000100000000000000500000000005
3000010012000000000000000000000000000000000000000000000000020000000000000000020500000000000000050000000000020000000100000002200000000000000000000000000020000000001000000000000000000000100000000000000000000000000000000000000000000005000000000005000005
3000000000003040000000000002000000000000000000030000000000000000000000000000000000000000000004000000040004000000000000000030400400000000000000000000000100000000000000000000000550000003000000000000000000010000300001000005000000402003000000000000000304
1000005000003005000000500040000000000200000000000000000000000100000000000000001400000000000000000000000000000000000000000000000000000000000005020000000000000000000000000000000010000000000403000000004000000000000000000000000000000000205000000000000005
2000001000005000000000000000050000000000000000000000000000000000000000000000000500000000100000001000001000000000000040000000100000000000000000000000000000000400000000105000000000000000000000000030000000000000000000000000000000000000000000000000022001
4000000000000000003000000000000402000000000000004000000000004000000005000010000000000000000000000000400000000000200000040040000000000000100500000000000100000000000000000000000000000000000000000300000000000200000000000000000000000000200000000000000002
2000000000000000001400000000000000000000000000000000000000000000500000000000040000000000000000000050000000000000004000000000000000000000000000000000000000000000000000000000000000000005005000020000050000000000000000000500000000000000003004000500020013
1003000000000000000000000000000004000000002000000002000000000000000000000005030000000200000000001000000000000010000000000000003000000300000200000000000000000000000000000030000000000000000000000000021500000000000040030000000000000000000050000000000002
3000000000000000000000000000005000000030002004000000000000000000000000002000002000000000000200000040000000405000040001050000000000000000000000000050000000000000000000000000000000000000000000000000000000000000000000004000300000003000000000000000000001
3000000500005000200000000000000000000000000000000000000010000000000000000000050000500000000200000000000000000000000000010000000000500000000000000000020500000000000000000000000000000000000000000000100403240000400000000000000000304000105000000000000034
3000050000000000000000000000040001000000001000000000000000000000000000000000200000040000000000000000000000000000000000000003000000000000000000000000000000000000000000300040003000000000000000000000000000000000000000000000000000000000000000000001000103
2000003000000000000000001000000000000000000000000000000000000000000000000000000000000000000000000002000000200000000000000000000000000000000000000000000000000010000000000100000000000000000020000200000000000000000000000000000000000000000000500020000003
5000000000000500000000000000000000000000000000000000000000000000000000000000000000000000000000000000000000000000000000200000000000201200000000000000000000000000002005000000000500300000000000000000000050000000000000000000000000000000000000000000000003
1000000000000000000000000000000000000000000000000000004000020000000000000000000000000000400000000000000000000000000000050000000030000000000004000000000000020000000000000200000001000000000000000000000000000000000000000000000030000000000000000000002002
3500000000300000030000000003000000005000000000000000000000000000000004000000000000000000000000000000000000000000000000000000000200000000000000020000000055000040000000400000000000000000000000000000000000004030000000000020000000000500000000000000000001
2000000000020000000000000000000000000000000000000000000000000000000000000000030000000000000002100000000020000001000000000000000000000000000000000000000300000000020000000000000000000000400000030000000000000010000000000000000000000040500000000000000004
3000002001000000000000000000000000005000003000000000000001000000000000001000000000000000000005000000000000100000400004000300000000002300000002010000000000000000000000000000004000000000000000000002003000000000000000000000000200000000000054000000000103
5000000000000020000000000000000000000000000000000000000000500000005000000000000000000000300000000000000000020000000000050000000000000000000000000000000000000000000000000500000000000000100000000000000000000002000000100000000000300000050000000000000002
4000000000000000000000020000000000000000000010000020000000300000050000000000000200000000005000000000000300000000000000000000000500000000000000001000440000020000000000010000000000000000000000200000000001000000020300030000000000002000000000050000000004
1005000000000000000200000000000000040000000000000000000000200000000004002000000000000000000002000000000000000000000000000005000100000000000000000000000000000000000400000000000000000000000000000000000000000000000000000000000000500000000002200000000002
3000000000000000000000000002050020000000000000000000000500000000000000000000000000000000000000000000000000000000005000000000020000000000030005020030000200000000000000000000000000000000000000000050000000000000400020000000000000200000000000000000000002
1000000000000000054000000000000000000000200000000000000100000000050000000000005000000040020000000000000000300000000000000000040000000030000000000000000000000000000001000001000300000000001000000000000000300000000000000000000000000000000030000000000104
3000000000000000000000000004000000005000000000500000000500000005000000000005000000000000000000010400000000000000000000010000000050000000300100000000000000000200000000000000000000000500000000000000020000000000530005000000000000000000000004000000005003
5000000000000000000000000000000000000000100000000000000000004000000000000200000000000000000030000000000000000100002040000000000000000000000000001000000000000000000000000100000000000000010000000000000000003000050000000000000040000000000000000000000003
4000000000000010000000000000000000000000002000000000000000000003000000000040002000000000000500000000002000000000000000000030000000000000000020000000000000400000000002000000000000001000000000000000000000000000000000000000000000400000000000000100000003
5000000000000000010040000000000000000000300200100000030000100000000002000000000400450000100000000000000000000000200000000500000000000000300000000000000000000000000000000000000000000004004000000000000000000000000000000000000000000000000000000000000005
3000000000000000000000000000000000005000000000000020000000000002000000000000000030000000000000000000000000000000000002000000000020002000003000000000000000000000000200000000000000020000000000000300000030000000000000000000000000000000000000000000000001
2000000000000040000000000000000000000000000000000000000000000000000010000000000002000000000000000500001000000000000000000044000045000000005000000000000000000000000000000000020000000000000000000000000000000000000005000000000005000000000400000001000003
5020500000000000000000000000000000000000000000000000000010000400000000000000000000000000000200000300000001000000500000000000000000000500000000000001000000000000000000000000000000000000400005000000000000000000000000000000000200000000000000000000000002
2000000000000000000000000002400000000000000000000000000000000000010500000000403000000000000000000000040300000000000000000004000000300000003000000000100000000000000000000000050000000000000200000000000000000000000000000000000000000000000000000000000001
4000000005100000000000000000310000000000000400000000000000000000000004000000000000000000400000000000001004000100000000000000000000000000000000000000000000000000004000000000004020003004000000000000010000300000000000000000000000000000000200000000000403
1003000000000000000000000000000000000000000000100000300000000000000000000000000020000000000000000000000000002003000000000000000000000000010005000004000501000000000000004000000000000003000000000000000000000000000000000000000000000000000000000000000002
2000000000000000000000000000000000000000000000030000000000000000000000000000000000000003000000000000100000000000001000000020100000000000000000000000000000000000004000000000004000003000000000005000001000000000000000000000000000000000003050000000000003
3000004100000000001000000005000000010000000000003000000000000005100000000405000000000200040000000000040000000000000040000000004000000101000000030050000000000000000000000010000000004000000000500000000000200000000003001000200000000020000000000300000002
4500000000000000000000004055400000000000000000000000000000000004000000010000000000000000000000004000000000000000000000000000000000000000000000000000300000000000000000000000000000000000000000000000000000000000000000000000000000000003000000000000000002
2000000000000000000000500000000002000000000002000000000000000050000000005000000000100010000004010000000000040050000000000000000104000000000000000000000000000000000300000000000000005000000000000000000000000000000200000000000000000000002000000000050001
4000000000000000000000000000000000000000000000000000000000000300000000000000000000000000000030000000000000000000000000200002000000000000000000000000000000000000000000005000000010000000000030000000000000000000000000000000000000500000000000000000000003
4000000000000000001000000000000000000000000000000000000000000050000000050000000040000000000000040000000000000000000000020000000000000000000000000000005000000000000000000000000000000000000000000000000002000000000000000000000000000005000000000400000031
4200005000005000000400000400000100000000000000000000001000000000000000000000000000000005050000000000000000000000000000000000000000100000001000000000030000000000000003000001000000000000000000000000000000000000000000000000001000000000000000000000000005
1000000000000000000000000000000000000000000000000000000000000000000000000000000000000000005000000000000000000000000000000000200000000000000000300000000400000000000000300000000000000000000000000000000000000000050001000000000000000000000000000000000104
5000001020000000005050000020002000000000000000000000200050000000000000003000010000000000000000000050000001010000000000000000000001000000000000000000000000020000000000000001000000004000000000000000000040000000200000000000000000000000000000400000000004
4000000000000050000000000000000000400000000500000000000003000004000000000000300000000000000500000000040000050000000100300000000000000000000000000000000000000000000000000000003000000000001004004000000000000000000000000000000005000000000000000000000005
4000020000000000000000000000000000000000000000400000000050000000000000200002000100000000000000000000000000000001000000050000000000000101000000000000000000000500000000000000520000500000000000100000000000000000000000000000000500000000010000000000000051
2000000000500005000000000000000000000000000000000000000000000000000000000000000000000000000001000000000000001000000000000000000000000000000000000000000000000000000000000000000000000400000000005000000000000000000000000000000000000000000004000000000005
5000000000000000000000300000000000000000000000040000500005000000000000000000000000000000000000000000000000000000000000000000000000000000000020000000040000000300000000000000000010000000002000000000004003000000000000000000000000000000040043000000000503
2000000000000000000000000000000000040001000000000000000000000040100000000000000000030000000300000000000000040000003000000200000000010000000140200000000000000000000002500000000000000001005000000000000000000000000020000000000030000100000000000000000003
1050000000000000000000000000000000000000000000000000000003000000000000000000000005000000000000000000500000000000000300000000000001000000000000000000050000000000000000000000000000010000000000100500005000000030000001000000000000000500000000000000000002
1000000000000000000000000000000000000000000000000000000000000000000000000004300000000001000000000000000000000000000000000000000000000000000000000000000000005000000000000000000000000000000100000000000000030000000400000003000000000000000200000003000004
3000000000000000550000000200000000000100000000000000000000000000040000000000000000000000000000000000000000000000050000000001003000000000020000000500050000000000000000000000000000000000000050040000000000000000000004000000000000000000000000000000000003
2000000000000100000000000000000000000000000000000500000000000000000200000000000400030000000000000000040202000300000000000000000504000000003044000030000000000000200000100000000002000300100002000000000000000000005000010000000000000000050000000003000001
4000000000000010000000000000300000000000040000000000000000000000000000000000000000000000000000000000005000500000000000000000010000000000000000000005000000000000030002000000000000000000000000000000000000000000042004000000000000000000500000040003000002
1100000000000000500000000000000000000000000000000000000000000000500004000000000000000000000000000000000000000000000000000000400000000004000004000000003005005500000000000000000000000300000000000000000040002003000004000000000000000000000000500000000002
2000000000000000000000000000000000000000400000000000000000000000000000000000000000004000000000000000000000000000000000200020002000000000100000300300000000000000000002200000000000000000000000000000020000000000000000000000000000000000000000000001000002
5000000000000005000000100000103000000000000000000000050000300000000000000000000000000000000000000000000000000000000002000000000002000020000000000000001010000000003200000000000000000000000000040000000000000000000000000000000000000000000000000000000001
4000020000000000000000200000010000000000000000030000000000000000000000100000000000400000300000000000100000000100000005000000000000000000000200000000000000000040000000000000000000000000000000000000000003000000040000000000000000000000000000000000000003
1000000000000300000000000000000400000550000000000040000000000000000000000100000000000000000000100000000000000200000000300500000000035000000020040000000000000003005000050000000000002000000000000000000000000000000000000000000020000000000000000000000002
3000000000100003000000500000000000000000000000000004000000000000000000000000000000000000000000000000000000000000000000000000000000000000000000300000000000000000002000000000000000000000000000000001000000000004000000000000000000000000000000000000000103
5000040000000000000000400000000000000000000000000000000000000000000000000000003000003000000200003000000010000000000030000000005040000000500000100000000000000040000000000302020000000000000000000000000000000000000000200000000000000000000000000000000001
5020000000000050000000100000000000000000000000005000020000000000200100300000000100000000000000000000000050000000000050000000005100002000000000000100000500003000000000000004000000000000000200000000000000000000000000000200000000000000040000000000000002
2000000000000000000000000000000000000005000000000000000000000000000000000000000000050500000000000000000400000000000000000000002000000000000000000000000000300000000020000000000000002000000000100000400030100000000000000000000000000000000000000000000003
3000000000000000000000005000000020000000000000005000004000000040000000000000000000000010000000000000000000000020000000000000000100110000000000000000000000000000000000100000000000050000000000000000000000010000000000000000000000000000300005000000000002
2000000000000000002240000000000000000001050000000000000000000000000005000000000000000000010000000000000000000000000000000000000000000000400000000050000000400000000000000000000000000000000000000010000000000000000000030000000000000000000000200030000003
1000000000004020000030005000000000000400045000000000000000400000000000000050000000500500000000000000000000000000000000000040000400000010000300000000000000000000000000030000000000040000000000000005000003000100000000000000000000000000000010000000000004
3000000000000000000000000040000000000000000000000000000000404002050000000000000000000000050000000000100100000000000000000004000010000000000000000000000000030000000000000000000000000000000000000020000000000000000000030000000000000000000000000000000002
5000000000000000005050000000000000000000000052400000000000000000000020000000000400002200000000000005000000000000030000000000000000000000000000100210000000000000000000000000000040000000000002000000000000040000000000000003000000000000000000000000000004
1000000000000000000000000000000000000000000000000000000100000000000000000000010000000000000000000000005000000000000000000000000000000005000000000001000000000000000000000000000000000000000000000000000050000300000000000000000000000000000000000000000001
2003020000400040000000000000000000000000000004010400030000000000000000000000000000000000400000000000000000000000000000003000000000000050000000000000000000020500000000000500000000000000000000000000000300000002000030000000000000053000000000000000000001
3000000000000000000000010003000000000000000050000000000000500000500000400000000000000000003000000000000210300000000000001000001100000000100000000000000200000000000000100000000000000050000000004420000000000000000000000000000000000000000000000000000001
1000000000000000000100000000000000000000000000000000005000025000000000000000000000000000000000000000000000001000000000000000030000000020000000000000000000000000000300500100000000000000000000000000200000000010000000000000000000000000000000000000000004
5000000000000000000000032000000000000003000100000000000000020000000000000001000000003000000000000003004000000000050000000000000000000000200020000000000000000052000000000000000000000000000000005000000000000000000000000000000000004000000000300000000004
2000300000000000000000003000000000000050000000400000005000000002000000000000000000000000000000020000000000000002000000000000000000000000000400000000000000000000040010000000000000000000000000000000500330000000000000000200000000000000020000000000000005
4000000000505000040000000003000000000004000000000000001000000000000020300000000400000000000030000050000000000000000050000000000001000005300000000000000000000000000000005000000040000000000000000005000000000200003000000000210000000000420000000000000404
4000053000000000000000000100000000000000000000000000000000000000000004000000000000000000000010000000000000000000000000000000000000000000001005000020000000005000000000000000500020000500000000000000002000000000000000000000000002000000000005000000000004
4000000000030100100400000000000050030000000000000000000000000000002500000000000000500000000000000000004002020031000020300000000000000000000000000000000000000000000500000000050020000000000302040000000003000000000000000000000000000000000003000000005003
4000000200000000000000400003000000000000000000000000000004000000000050000000000000000000000000000000000000000000020040000000000000000000000030000400000000000000000000000400000000000000000000000300000000000000000000000000050000100000000020000000000003
1000000000000000000000300000000000000000000044000000000000000000000000200000000000000000000000000002000000000040000000000000000000005000000003000000000000300000000000000000000000000000000000000000000000004000000005000000000000000000000000000000000001
4000000000000000000000000000000000000000000000000000000000020000000005000000000050000000000000000000000000300000000000000000000050000000000000000000000000000000000000000000000005000000000000000000000000000000000000000005000000000000003000000050000005
2002000050000000000000000000000000010000000000000030000000000002000000000000000000000000000000000000000000005000000000000000004002000000000000000000000000000300105000000400000050000000300000000000000305000003000000000000000000000000500000000000004003
2000000000000000000000000000000050000000000000000000000000000000300000000000000005000000000000000000450150000000000001000000000000000000000000000000000000000000000030000000000000000000000000000000000004000000000000000000000000000000000300000000000005
2000001000000000000000000004000020000000000000000000200000000000000000002000000000005000000000000300000000000000000000000000000000010000400000000000000000000040500000000000000004000000000000000005000000500000500000000004010000000000000000000000000002
5000000000000050000000000000000000000030000400400000000000000000000000000300000000000400000000000000030000000002000000000000000000000000000000000400000000000000000000000000000000000000000000000000000000040000000000000000100100000004020000000000000002
3000000000000000005000300000000000000000000000000001000004000020000000000000000000000100000000000000000000000000000000000000000000000000000000000000000002000000000000000400000000050000030000000000000000300000020000000040000000000000000000000000300001
3000300004004000000000000000000000000000000000000020010000030000000000000000000000000000000000000000000000000000000000000005020000000000000000000000000000000000100000000000000050003000000000005000000000000015000000000000000000000000000000000000000004
4000000000004000040000000000000000005000000000005000000000000000000003000000000000000000000001000000000300000000000000000000000000000000400000000004000000000005000000004000000002000000000000000001050000000000000000005000000050000000000000000000000002
3000000000000000000000000000000000304000000000005000000000000000000000000000500000000000500000000000000000050400000000000000004000000000000000000000000000000002000001003000000000000000000000000000000000000005200100000200000000000000000000000000000002
1001005000000000300000000000000000000000000000001400000000000000000000000000000000000000000000000000000000000000000000000000000000000000000000000000000000000000000000000000000000000000000000000001300000000000000040000000000000000200000000000000000053
5005000010000000200000000000000000000500000000003050000002000000000000000200000000000000000000000000000001000000000020000400000000000000040000000000000000000000000040000000000000002000000000000000000050000000000020000000000000000000000000000000000002
1000000000000000500000000000200000000000000000004000000000000000500000000000000000005000000000000000000000000000000054000000000300000000000050000000000000000000000305000010000000000000000000000000000000000000000000000000000000000000000200000000000002
2000000000000000000040400000000000000000500000000000000000200100000000000000000020000000000000000000000000100000000000500000000400000000000000000000000000000000000000000030022000000000000004000002020000000000005040000000000000030000000000000000003004
4001000000500000500002000000004000004000000000000000400000000000000000000000000000000000000000000000500000000000000000004030001000000000000000000000000000000004000000202001000000000200000000000000030000000000000000000000530030000000000000000050000003
2000000030000040000000000000000000000200000000000000000030000000000000000000000000000000000000000030000040000000000000000010000000000000000000000000000000000500000000000000000005000000000030000000000000000000000000000000000000000000000000000000000001
5100000000004000000004300000000000000000000000020000300000000000000000000000000010100000000000000000050030002000000000000000000000000000000000000000000000000000000000000020000002000010000000000000000000300000000000000000000040000000000000000000000403
2000000000000000500400000000000300000000030000010000000000000000000000004004000000000050010000000000000200000000000000000000000000000000000000000100000000300004000000020400000000040020000000000000000000000100020100000400000000000000000000000000100001
2000000000000005000000000000300000400000000000402000000000000000000000000010000000000000000033003000020000000000000003000000000000000000030000000000000000000200000000000100000000000000000001000000000000000000000000000000000400000000005000000000005001
1000000000000000000000000000000000000000000000000000400000000000000000000000000000000000002000020000000000000000000100000000000000000000000000000000004005000000000000000000020000000000000000000000000000030000000000000000000000000010000000000000000305
3114135254421353221314415115244211442323514322115514325425453151132551145441125455134544253343541435122443553445115313315335345245525134424114142324324422144221332443153244421125412252121315531343335523113551252441514533345322414344154524412521424543
